0.000000000000000000e+00 8.100000000000000000e+01 5.700000000000000000e+01 4.700000000000000000e+01
0.000000000000000000e+00 7.700000000000000000e+01 5.500000000000000000e+01 4.500000000000000000e+01
0.000000000000000000e+00 6.700000000000000000e+01 5.300000000000000000e+01 3.500000000000000000e+01
0.000000000000000000e+00 7.200000000000000000e+01 4.500000000000000000e+01 4.400000000000000000e+01
0.000000000000000000e+00 7.100000000000000000e+01 4.300000000000000000e+01 4.700000000000000000e+01
0.000000000000000000e+00 7.900000000000000000e+01 5.700000000000000000e+01 4.700000000000000000e+01
0.000000000000000000e+00 7.100000000000000000e+01 5.700000000000000000e+01 3.700000000000000000e+01
0.000000000000000000e+00 6.700000000000000000e+01 5.300000000000000000e+01 3.500000000000000000e+01
0.000000000000000000e+00 7.900000000000000000e+01 5.300000000000000000e+01 4.500000000000000000e+01
0.000000000000000000e+00 7.900000000000000000e+01 5.300000000000000000e+01 4.500000000000000000e+01
0.000000000000000000e+00 6.700000000000000000e+01 4.500000000000000000e+01 4.500000000000000000e+01
0.000000000000000000e+00 6.900000000000000000e+01 4.300000000000000000e+01 4.300000000000000000e+01
0.000000000000000000e+00 7.900000000000000000e+01 5.700000000000000000e+01 4.700000000000000000e+01
0.000000000000000000e+00 8.100000000000000000e+01 5.900000000000000000e+01 4.700000000000000000e+01
0.000000000000000000e+00 6.700000000000000000e+01 5.300000000000000000e+01 3.500000000000000000e+01
0.000000000000000000e+00 8.100000000000000000e+01 5.500000000000000000e+01 4.900000000000000000e+01
0.000000000000000000e+00 8.100000000000000000e+01 5.500000000000000000e+01 4.500000000000000000e+01
0.000000000000000000e+00 8.100000000000000000e+01 5.700000000000000000e+01 4.700000000000000000e+01
0.000000000000000000e+00 6.700000000000000000e+01 5.300000000000000000e+01 3.500000000000000000e+01
0.000000000000000000e+00 6.700000000000000000e+01 4.500000000000000000e+01 4.500000000000000000e+01
0.000000000000000000e+00 7.900000000000000000e+01 5.900000000000000000e+01 4.900000000000000000e+01
0.000000000000000000e+00 8.100000000000000000e+01 5.900000000000000000e+01 4.900000000000000000e+01
0.000000000000000000e+00 7.100000000000000000e+01 4.300000000000000000e+01 4.700000000000000000e+01
0.000000000000000000e+00 7.900000000000000000e+01 5.700000000000000000e+01 4.700000000000000000e+01
0.000000000000000000e+00 6.900000000000000000e+01 5.700000000000000000e+01 3.900000000000000000e+01
0.000000000000000000e+00 8.100000000000000000e+01 5.500000000000000000e+01 4.900000000000000000e+01
0.000000000000000000e+00 8.100000000000000000e+01 5.500000000000000000e+01 4.700000000000000000e+01
0.000000000000000000e+00 8.300000000000000000e+01 5.700000000000000000e+01 4.700000000000000000e+01
0.000000000000000000e+00 7.500000000000000000e+01 4.900000000000000000e+01 4.300000000000000000e+01
0.000000000000000000e+00 8.100000000000000000e+01 5.500000000000000000e+01 4.700000000000000000e+01
0.000000000000000000e+00 7.900000000000000000e+01 5.700000000000000000e+01 4.700000000000000000e+01
0.000000000000000000e+00 8.100000000000000000e+01 5.900000000000000000e+01 4.900000000000000000e+01
0.000000000000000000e+00 7.900000000000000000e+01 5.700000000000000000e+01 4.900000000000000000e+01
0.000000000000000000e+00 7.900000000000000000e+01 5.500000000000000000e+01 4.700000000000000000e+01
0.000000000000000000e+00 8.100000000000000000e+01 5.500000000000000000e+01 4.700000000000000000e+01
0.000000000000000000e+00 7.300000000000000000e+01 5.700000000000000000e+01 3.700000000000000000e+01
0.000000000000000000e+00 8.100000000000000000e+01 5.500000000000000000e+01 4.700000000000000000e+01
0.000000000000000000e+00 6.700000000000000000e+01 5.300000000000000000e+01 3.500000000000000000e+01
0.000000000000000000e+00 8.300000000000000000e+01 5.700000000000000000e+01 4.900000000000000000e+01
0.000000000000000000e+00 7.900000000000000000e+01 5.900000000000000000e+01 4.900000000000000000e+01
0.000000000000000000e+00 6.900000000000000000e+01 5.700000000000000000e+01 3.900000000000000000e+01
0.000000000000000000e+00 8.300000000000000000e+01 5.700000000000000000e+01 4.900000000000000000e+01
0.000000000000000000e+00 7.900000000000000000e+01 5.700000000000000000e+01 4.500000000000000000e+01
0.000000000000000000e+00 6.900000000000000000e+01 4.300000000000000000e+01 4.300000000000000000e+01
0.000000000000000000e+00 6.700000000000000000e+01 5.300000000000000000e+01 3.500000000000000000e+01
0.000000000000000000e+00 8.100000000000000000e+01 5.500000000000000000e+01 4.700000000000000000e+01
0.000000000000000000e+00 7.500000000000000000e+01 4.900000000000000000e+01 4.900000000000000000e+01
0.000000000000000000e+00 8.100000000000000000e+01 5.500000000000000000e+01 4.700000000000000000e+01
0.000000000000000000e+00 7.900000000000000000e+01 5.700000000000000000e+01 4.700000000000000000e+01
0.000000000000000000e+00 7.900000000000000000e+01 5.700000000000000000e+01 4.700000000000000000e+01
0.000000000000000000e+00 7.900000000000000000e+01 5.700000000000000000e+01 4.700000000000000000e+01
0.000000000000000000e+00 6.700000000000000000e+01 5.300000000000000000e+01 3.500000000000000000e+01
0.000000000000000000e+00 7.900000000000000000e+01 5.900000000000000000e+01 4.500000000000000000e+01
0.000000000000000000e+00 8.100000000000000000e+01 5.400000000000000000e+01 4.700000000000000000e+01
0.000000000000000000e+00 8.100000000000000000e+01 5.400000000000000000e+01 4.700000000000000000e+01
0.000000000000000000e+00 6.900000000000000000e+01 4.700000000000000000e+01 4.300000000000000000e+01
0.000000000000000000e+00 7.100000000000000000e+01 5.700000000000000000e+01 3.700000000000000000e+01
0.000000000000000000e+00 6.900000000000000000e+01 5.100000000000000000e+01 3.500000000000000000e+01
0.000000000000000000e+00 8.100000000000000000e+01 5.500000000000000000e+01 4.500000000000000000e+01
0.000000000000000000e+00 7.900000000000000000e+01 5.700000000000000000e+01 4.900000000000000000e+01
0.000000000000000000e+00 7.300000000000000000e+01 4.300000000000000000e+01 4.500000000000000000e+01
0.000000000000000000e+00 8.100000000000000000e+01 5.900000000000000000e+01 4.900000000000000000e+01
0.000000000000000000e+00 6.900000000000000000e+01 4.700000000000000000e+01 4.300000000000000000e+01
0.000000000000000000e+00 7.100000000000000000e+01 4.300000000000000000e+01 4.700000000000000000e+01
0.000000000000000000e+00 7.900000000000000000e+01 5.500000000000000000e+01 4.700000000000000000e+01
0.000000000000000000e+00 7.100000000000000000e+01 5.700000000000000000e+01 3.900000000000000000e+01
0.000000000000000000e+00 6.900000000000000000e+01 5.700000000000000000e+01 3.900000000000000000e+01
0.000000000000000000e+00 7.900000000000000000e+01 5.900000000000000000e+01 4.900000000000000000e+01
0.000000000000000000e+00 6.900000000000000000e+01 4.300000000000000000e+01 4.300000000000000000e+01
0.000000000000000000e+00 7.900000000000000000e+01 5.900000000000000000e+01 4.900000000000000000e+01
0.000000000000000000e+00 6.700000000000000000e+01 5.300000000000000000e+01 3.500000000000000000e+01
0.000000000000000000e+00 7.100000000000000000e+01 5.700000000000000000e+01 3.900000000000000000e+01
0.000000000000000000e+00 8.100000000000000000e+01 5.500000000000000000e+01 4.700000000000000000e+01
0.000000000000000000e+00 7.700000000000000000e+01 4.900000000000000000e+01 4.500000000000000000e+01
0.000000000000000000e+00 8.100000000000000000e+01 5.700000000000000000e+01 4.700000000000000000e+01
0.000000000000000000e+00 7.300000000000000000e+01 4.300000000000000000e+01 4.500000000000000000e+01
0.000000000000000000e+00 7.100000000000000000e+01 4.300000000000000000e+01 4.700000000000000000e+01
0.000000000000000000e+00 8.100000000000000000e+01 5.500000000000000000e+01 4.700000000000000000e+01
0.000000000000000000e+00 7.700000000000000000e+01 4.900000000000000000e+01 4.500000000000000000e+01
0.000000000000000000e+00 8.100000000000000000e+01 5.700000000000000000e+01 4.700000000000000000e+01
0.000000000000000000e+00 8.100000000000000000e+01 5.500000000000000000e+01 4.700000000000000000e+01
0.000000000000000000e+00 7.700000000000000000e+01 5.500000000000000000e+01 4.500000000000000000e+01
0.000000000000000000e+00 7.900000000000000000e+01 5.700000000000000000e+01 4.700000000000000000e+01
0.000000000000000000e+00 7.900000000000000000e+01 5.700000000000000000e+01 4.700000000000000000e+01
0.000000000000000000e+00 7.900000000000000000e+01 5.300000000000000000e+01 4.500000000000000000e+01
0.000000000000000000e+00 8.100000000000000000e+01 5.500000000000000000e+01 4.700000000000000000e+01
0.000000000000000000e+00 7.100000000000000000e+01 5.700000000000000000e+01 3.700000000000000000e+01
0.000000000000000000e+00 8.100000000000000000e+01 5.700000000000000000e+01 4.700000000000000000e+01
0.000000000000000000e+00 7.100000000000000000e+01 5.700000000000000000e+01 3.900000000000000000e+01
0.000000000000000000e+00 6.900000000000000000e+01 4.300000000000000000e+01 4.300000000000000000e+01
0.000000000000000000e+00 6.700000000000000000e+01 4.500000000000000000e+01 4.500000000000000000e+01
0.000000000000000000e+00 7.900000000000000000e+01 5.700000000000000000e+01 4.700000000000000000e+01
0.000000000000000000e+00 8.100000000000000000e+01 5.700000000000000000e+01 4.900000000000000000e+01
0.000000000000000000e+00 8.100000000000000000e+01 5.900000000000000000e+01 4.700000000000000000e+01
0.000000000000000000e+00 8.100000000000000000e+01 5.300000000000000000e+01 4.700000000000000000e+01
0.000000000000000000e+00 6.900000000000000000e+01 5.100000000000000000e+01 3.500000000000000000e+01
0.000000000000000000e+00 8.100000000000000000e+01 5.500000000000000000e+01 4.700000000000000000e+01
0.000000000000000000e+00 7.500000000000000000e+01 4.900000000000000000e+01 4.900000000000000000e+01
0.000000000000000000e+00 7.900000000000000000e+01 4.900000000000000000e+01 4.500000000000000000e+01
0.000000000000000000e+00 8.100000000000000000e+01 5.700000000000000000e+01 4.900000000000000000e+01
0.000000000000000000e+00 7.100000000000000000e+01 4.500000000000000000e+01 4.500000000000000000e+01
0.000000000000000000e+00 7.900000000000000000e+01 5.700000000000000000e+01 4.700000000000000000e+01
0.000000000000000000e+00 7.900000000000000000e+01 5.700000000000000000e+01 4.900000000000000000e+01
0.000000000000000000e+00 7.900000000000000000e+01 5.700000000000000000e+01 4.700000000000000000e+01
0.000000000000000000e+00 8.100000000000000000e+01 5.500000000000000000e+01 4.700000000000000000e+01
0.000000000000000000e+00 6.700000000000000000e+01 4.500000000000000000e+01 4.500000000000000000e+01
0.000000000000000000e+00 7.300000000000000000e+01 5.700000000000000000e+01 3.700000000000000000e+01
0.000000000000000000e+00 7.900000000000000000e+01 5.900000000000000000e+01 4.700000000000000000e+01
0.000000000000000000e+00 8.100000000000000000e+01 5.500000000000000000e+01 4.700000000000000000e+01
0.000000000000000000e+00 8.300000000000000000e+01 5.700000000000000000e+01 4.700000000000000000e+01
0.000000000000000000e+00 8.100000000000000000e+01 5.500000000000000000e+01 4.700000000000000000e+01
0.000000000000000000e+00 7.900000000000000000e+01 5.700000000000000000e+01 4.900000000000000000e+01
0.000000000000000000e+00 8.100000000000000000e+01 5.300000000000000000e+01 4.700000000000000000e+01
0.000000000000000000e+00 8.300000000000000000e+01 5.700000000000000000e+01 4.700000000000000000e+01
0.000000000000000000e+00 6.900000000000000000e+01 5.700000000000000000e+01 3.900000000000000000e+01
0.000000000000000000e+00 6.700000000000000000e+01 5.300000000000000000e+01 3.500000000000000000e+01
0.000000000000000000e+00 7.900000000000000000e+01 5.900000000000000000e+01 4.900000000000000000e+01
0.000000000000000000e+00 7.500000000000000000e+01 4.900000000000000000e+01 4.900000000000000000e+01
0.000000000000000000e+00 7.500000000000000000e+01 4.900000000000000000e+01 4.300000000000000000e+01
0.000000000000000000e+00 6.900000000000000000e+01 4.700000000000000000e+01 4.300000000000000000e+01
0.000000000000000000e+00 6.900000000000000000e+01 5.100000000000000000e+01 3.500000000000000000e+01
0.000000000000000000e+00 6.700000000000000000e+01 4.500000000000000000e+01 4.500000000000000000e+01
0.000000000000000000e+00 8.300000000000000000e+01 5.700000000000000000e+01 4.700000000000000000e+01
0.000000000000000000e+00 8.100000000000000000e+01 5.900000000000000000e+01 4.700000000000000000e+01
0.000000000000000000e+00 7.100000000000000000e+01 5.700000000000000000e+01 3.700000000000000000e+01
0.000000000000000000e+00 6.700000000000000000e+01 5.300000000000000000e+01 3.500000000000000000e+01
0.000000000000000000e+00 7.900000000000000000e+01 5.900000000000000000e+01 4.700000000000000000e+01
0.000000000000000000e+00 6.700000000000000000e+01 5.300000000000000000e+01 3.500000000000000000e+01
0.000000000000000000e+00 8.100000000000000000e+01 5.400000000000000000e+01 4.700000000000000000e+01
0.000000000000000000e+00 7.900000000000000000e+01 5.900000000000000000e+01 4.900000000000000000e+01
0.000000000000000000e+00 7.900000000000000000e+01 5.900000000000000000e+01 4.900000000000000000e+01
0.000000000000000000e+00 7.900000000000000000e+01 5.700000000000000000e+01 4.700000000000000000e+01
0.000000000000000000e+00 7.900000000000000000e+01 4.900000000000000000e+01 4.500000000000000000e+01
0.000000000000000000e+00 7.300000000000000000e+01 5.700000000000000000e+01 3.700000000000000000e+01
0.000000000000000000e+00 7.300000000000000000e+01 4.500000000000000000e+01 4.500000000000000000e+01
0.000000000000000000e+00 8.100000000000000000e+01 5.900000000000000000e+01 4.900000000000000000e+01
0.000000000000000000e+00 8.100000000000000000e+01 5.500000000000000000e+01 4.700000000000000000e+01
0.000000000000000000e+00 8.100000000000000000e+01 5.500000000000000000e+01 4.700000000000000000e+01
0.000000000000000000e+00 8.100000000000000000e+01 5.700000000000000000e+01 4.700000000000000000e+01
0.000000000000000000e+00 7.100000000000000000e+01 4.300000000000000000e+01 4.700000000000000000e+01
0.000000000000000000e+00 7.900000000000000000e+01 5.700000000000000000e+01 4.700000000000000000e+01
0.000000000000000000e+00 6.700000000000000000e+01 5.300000000000000000e+01 3.500000000000000000e+01
0.000000000000000000e+00 7.700000000000000000e+01 5.500000000000000000e+01 4.500000000000000000e+01
0.000000000000000000e+00 7.700000000000000000e+01 4.900000000000000000e+01 4.500000000000000000e+01
0.000000000000000000e+00 8.100000000000000000e+01 5.500000000000000000e+01 4.700000000000000000e+01
0.000000000000000000e+00 7.900000000000000000e+01 5.700000000000000000e+01 4.500000000000000000e+01
0.000000000000000000e+00 7.200000000000000000e+01 4.500000000000000000e+01 4.400000000000000000e+01
0.000000000000000000e+00 7.300000000000000000e+01 4.300000000000000000e+01 4.500000000000000000e+01
0.000000000000000000e+00 8.100000000000000000e+01 5.300000000000000000e+01 4.700000000000000000e+01
0.000000000000000000e+00 6.900000000000000000e+01 5.700000000000000000e+01 3.900000000000000000e+01
0.000000000000000000e+00 7.900000000000000000e+01 5.300000000000000000e+01 4.500000000000000000e+01
0.000000000000000000e+00 7.300000000000000000e+01 4.300000000000000000e+01 4.500000000000000000e+01
0.000000000000000000e+00 8.100000000000000000e+01 5.900000000000000000e+01 4.900000000000000000e+01
0.000000000000000000e+00 7.100000000000000000e+01 5.700000000000000000e+01 3.900000000000000000e+01
0.000000000000000000e+00 8.100000000000000000e+01 5.500000000000000000e+01 4.900000000000000000e+01
0.000000000000000000e+00 8.100000000000000000e+01 5.500000000000000000e+01 4.900000000000000000e+01
0.000000000000000000e+00 7.700000000000000000e+01 4.900000000000000000e+01 4.500000000000000000e+01
0.000000000000000000e+00 6.700000000000000000e+01 4.500000000000000000e+01 4.500000000000000000e+01
0.000000000000000000e+00 7.100000000000000000e+01 4.300000000000000000e+01 4.700000000000000000e+01
0.000000000000000000e+00 8.100000000000000000e+01 5.900000000000000000e+01 4.900000000000000000e+01
0.000000000000000000e+00 8.100000000000000000e+01 5.900000000000000000e+01 4.900000000000000000e+01
0.000000000000000000e+00 7.900000000000000000e+01 5.900000000000000000e+01 4.900000000000000000e+01
0.000000000000000000e+00 7.900000000000000000e+01 5.900000000000000000e+01 4.900000000000000000e+01
0.000000000000000000e+00 6.700000000000000000e+01 4.500000000000000000e+01 4.500000000000000000e+01
0.000000000000000000e+00 7.300000000000000000e+01 5.700000000000000000e+01 3.700000000000000000e+01
0.000000000000000000e+00 8.100000000000000000e+01 5.700000000000000000e+01 4.900000000000000000e+01
0.000000000000000000e+00 8.300000000000000000e+01 5.700000000000000000e+01 4.900000000000000000e+01
0.000000000000000000e+00 7.700000000000000000e+01 4.900000000000000000e+01 4.500000000000000000e+01
0.000000000000000000e+00 7.500000000000000000e+01 4.900000000000000000e+01 4.300000000000000000e+01
0.000000000000000000e+00 8.100000000000000000e+01 5.500000000000000000e+01 4.700000000000000000e+01
0.000000000000000000e+00 7.900000000000000000e+01 5.900000000000000000e+01 4.900000000000000000e+01
0.000000000000000000e+00 6.900000000000000000e+01 5.100000000000000000e+01 3.500000000000000000e+01
0.000000000000000000e+00 8.100000000000000000e+01 5.900000000000000000e+01 4.900000000000000000e+01
0.000000000000000000e+00 7.700000000000000000e+01 4.900000000000000000e+01 4.500000000000000000e+01
0.000000000000000000e+00 7.500000000000000000e+01 5.300000000000000000e+01 4.300000000000000000e+01
0.000000000000000000e+00 6.900000000000000000e+01 4.700000000000000000e+01 4.300000000000000000e+01
0.000000000000000000e+00 7.500000000000000000e+01 5.300000000000000000e+01 4.300000000000000000e+01
0.000000000000000000e+00 7.300000000000000000e+01 5.700000000000000000e+01 3.700000000000000000e+01
0.000000000000000000e+00 8.100000000000000000e+01 5.400000000000000000e+01 4.700000000000000000e+01
0.000000000000000000e+00 8.100000000000000000e+01 5.900000000000000000e+01 4.900000000000000000e+01
0.000000000000000000e+00 6.700000000000000000e+01 5.300000000000000000e+01 3.500000000000000000e+01
0.000000000000000000e+00 7.100000000000000000e+01 4.500000000000000000e+01 4.500000000000000000e+01
0.000000000000000000e+00 6.700000000000000000e+01 4.500000000000000000e+01 4.500000000000000000e+01
0.000000000000000000e+00 6.900000000000000000e+01 5.100000000000000000e+01 3.500000000000000000e+01
0.000000000000000000e+00 8.100000000000000000e+01 5.700000000000000000e+01 4.900000000000000000e+01
0.000000000000000000e+00 8.100000000000000000e+01 5.500000000000000000e+01 4.700000000000000000e+01
0.000000000000000000e+00 8.100000000000000000e+01 5.900000000000000000e+01 4.900000000000000000e+01
0.000000000000000000e+00 7.900000000000000000e+01 5.700000000000000000e+01 4.700000000000000000e+01
0.000000000000000000e+00 8.100000000000000000e+01 5.700000000000000000e+01 4.900000000000000000e+01
0.000000000000000000e+00 7.500000000000000000e+01 4.900000000000000000e+01 4.300000000000000000e+01
0.000000000000000000e+00 8.100000000000000000e+01 5.500000000000000000e+01 4.700000000000000000e+01
0.000000000000000000e+00 7.700000000000000000e+01 5.500000000000000000e+01 4.500000000000000000e+01
0.000000000000000000e+00 8.100000000000000000e+01 5.500000000000000000e+01 4.900000000000000000e+01
0.000000000000000000e+00 7.900000000000000000e+01 5.500000000000000000e+01 4.700000000000000000e+01
0.000000000000000000e+00 7.900000000000000000e+01 5.700000000000000000e+01 4.900000000000000000e+01
0.000000000000000000e+00 7.900000000000000000e+01 4.900000000000000000e+01 4.500000000000000000e+01
0.000000000000000000e+00 7.900000000000000000e+01 5.900000000000000000e+01 4.900000000000000000e+01
0.000000000000000000e+00 7.900000000000000000e+01 5.900000000000000000e+01 4.500000000000000000e+01
0.000000000000000000e+00 8.100000000000000000e+01 5.900000000000000000e+01 4.700000000000000000e+01
0.000000000000000000e+00 7.100000000000000000e+01 5.700000000000000000e+01 3.900000000000000000e+01
0.000000000000000000e+00 6.900000000000000000e+01 5.100000000000000000e+01 3.500000000000000000e+01
0.000000000000000000e+00 7.300000000000000000e+01 5.700000000000000000e+01 3.700000000000000000e+01
0.000000000000000000e+00 8.100000000000000000e+01 5.300000000000000000e+01 4.700000000000000000e+01
0.000000000000000000e+00 7.100000000000000000e+01 5.700000000000000000e+01 3.700000000000000000e+01
0.000000000000000000e+00 8.100000000000000000e+01 5.900000000000000000e+01 4.900000000000000000e+01
0.000000000000000000e+00 8.100000000000000000e+01 5.900000000000000000e+01 4.700000000000000000e+01
0.000000000000000000e+00 6.700000000000000000e+01 5.300000000000000000e+01 3.500000000000000000e+01
0.000000000000000000e+00 7.900000000000000000e+01 5.700000000000000000e+01 4.700000000000000000e+01
0.000000000000000000e+00 7.100000000000000000e+01 5.700000000000000000e+01 3.700000000000000000e+01
0.000000000000000000e+00 8.100000000000000000e+01 5.500000000000000000e+01 4.700000000000000000e+01
0.000000000000000000e+00 7.300000000000000000e+01 4.500000000000000000e+01 4.500000000000000000e+01
0.000000000000000000e+00 7.700000000000000000e+01 4.900000000000000000e+01 4.500000000000000000e+01
0.000000000000000000e+00 7.500000000000000000e+01 4.900000000000000000e+01 4.900000000000000000e+01
0.000000000000000000e+00 8.100000000000000000e+01 5.900000000000000000e+01 4.700000000000000000e+01
0.000000000000000000e+00 7.900000000000000000e+01 5.700000000000000000e+01 4.700000000000000000e+01
0.000000000000000000e+00 7.100000000000000000e+01 5.700000000000000000e+01 3.900000000000000000e+01
0.000000000000000000e+00 7.900000000000000000e+01 5.700000000000000000e+01 4.900000000000000000e+01
0.000000000000000000e+00 6.700000000000000000e+01 5.300000000000000000e+01 3.500000000000000000e+01
0.000000000000000000e+00 7.200000000000000000e+01 4.500000000000000000e+01 4.400000000000000000e+01
0.000000000000000000e+00 6.700000000000000000e+01 5.300000000000000000e+01 3.500000000000000000e+01
0.000000000000000000e+00 8.100000000000000000e+01 5.500000000000000000e+01 4.500000000000000000e+01
0.000000000000000000e+00 7.900000000000000000e+01 5.700000000000000000e+01 4.900000000000000000e+01
0.000000000000000000e+00 7.900000000000000000e+01 5.700000000000000000e+01 4.700000000000000000e+01
0.000000000000000000e+00 7.900000000000000000e+01 5.900000000000000000e+01 4.900000000000000000e+01
0.000000000000000000e+00 7.900000000000000000e+01 5.900000000000000000e+01 4.700000000000000000e+01
0.000000000000000000e+00 7.700000000000000000e+01 4.900000000000000000e+01 4.500000000000000000e+01
0.000000000000000000e+00 7.700000000000000000e+01 4.900000000000000000e+01 4.500000000000000000e+01
0.000000000000000000e+00 8.100000000000000000e+01 5.500000000000000000e+01 4.900000000000000000e+01
0.000000000000000000e+00 8.300000000000000000e+01 5.700000000000000000e+01 4.700000000000000000e+01
0.000000000000000000e+00 8.100000000000000000e+01 5.400000000000000000e+01 4.700000000000000000e+01
0.000000000000000000e+00 6.900000000000000000e+01 4.700000000000000000e+01 4.300000000000000000e+01
0.000000000000000000e+00 7.500000000000000000e+01 5.300000000000000000e+01 4.300000000000000000e+01
0.000000000000000000e+00 6.700000000000000000e+01 4.500000000000000000e+01 4.500000000000000000e+01
0.000000000000000000e+00 7.900000000000000000e+01 5.700000000000000000e+01 4.700000000000000000e+01
0.000000000000000000e+00 7.900000000000000000e+01 4.900000000000000000e+01 4.500000000000000000e+01
0.000000000000000000e+00 6.700000000000000000e+01 5.300000000000000000e+01 3.500000000000000000e+01
0.000000000000000000e+00 7.900000000000000000e+01 5.300000000000000000e+01 4.500000000000000000e+01
0.000000000000000000e+00 8.300000000000000000e+01 5.700000000000000000e+01 4.700000000000000000e+01
0.000000000000000000e+00 6.900000000000000000e+01 4.700000000000000000e+01 4.300000000000000000e+01
0.000000000000000000e+00 7.700000000000000000e+01 5.500000000000000000e+01 4.500000000000000000e+01
0.000000000000000000e+00 7.900000000000000000e+01 5.700000000000000000e+01 4.700000000000000000e+01
0.000000000000000000e+00 8.100000000000000000e+01 5.900000000000000000e+01 4.700000000000000000e+01
0.000000000000000000e+00 8.100000000000000000e+01 5.900000000000000000e+01 4.900000000000000000e+01
0.000000000000000000e+00 7.200000000000000000e+01 4.500000000000000000e+01 4.400000000000000000e+01
0.000000000000000000e+00 8.100000000000000000e+01 5.900000000000000000e+01 4.700000000000000000e+01
0.000000000000000000e+00 7.900000000000000000e+01 5.500000000000000000e+01 4.700000000000000000e+01
0.000000000000000000e+00 8.100000000000000000e+01 5.500000000000000000e+01 4.700000000000000000e+01
0.000000000000000000e+00 6.700000000000000000e+01 5.300000000000000000e+01 3.500000000000000000e+01
0.000000000000000000e+00 6.700000000000000000e+01 4.500000000000000000e+01 4.500000000000000000e+01
0.000000000000000000e+00 6.900000000000000000e+01 5.700000000000000000e+01 3.900000000000000000e+01
0.000000000000000000e+00 7.900000000000000000e+01 5.700000000000000000e+01 4.700000000000000000e+01
0.000000000000000000e+00 6.700000000000000000e+01 5.300000000000000000e+01 3.500000000000000000e+01
0.000000000000000000e+00 7.700000000000000000e+01 4.900000000000000000e+01 4.500000000000000000e+01
0.000000000000000000e+00 6.900000000000000000e+01 5.700000000000000000e+01 3.900000000000000000e+01
0.000000000000000000e+00 8.100000000000000000e+01 5.300000000000000000e+01 4.700000000000000000e+01
