9.948837520716022897e-01 1.235066150845136020e-03 1.754461090057773650e-03 2.126720562694252650e-03
9.946612739247812085e-01 1.299255142160007752e-03 1.818155452714147104e-03 2.221315878766138164e-03
9.937644517661184951e-01 1.493301615246133383e-03 1.887278702181259581e-03 2.854967728266611000e-03
9.941167052820057970e-01 1.389812109377489089e-03 2.221471572604630414e-03 2.272011377487231139e-03
9.941388037650683573e-01 1.409334895821123595e-03 2.324766706102114958e-03 2.127094531782598372e-03
9.948524860102343492e-01 1.266390574930218501e-03 1.754257604761972657e-03 2.126865623960585809e-03
9.941352508178827874e-01 1.409185314237425875e-03 1.754612524377968143e-03 2.700951283031117253e-03
9.937644517661184951e-01 1.493301615246133383e-03 1.887278702181259581e-03 2.854967728266611000e-03
9.946255698997376049e-01 1.266354529101277682e-03 1.886798072856640503e-03 2.221277679057622433e-03
9.946255698997376049e-01 1.266354529101277682e-03 1.886798072856640503e-03 2.221277679057622433e-03
9.940633682260724413e-01 1.493394259508436109e-03 2.221618315530843497e-03 2.221618315530843497e-03
9.939000977008051185e-01 1.450193223154658392e-03 2.324854769086844020e-03 2.324854769086844020e-03
9.948524860102343492e-01 1.266390574930218501e-03 1.754257604761972657e-03 2.126865623960585809e-03
9.949432608865227401e-01 1.235131375872275568e-03 1.694860288856886834e-03 2.126747363282492642e-03
9.937644517661184951e-01 1.493301615246133383e-03 1.887278702181259581e-03 2.854967728266611000e-03
9.949066810786706405e-01 1.234980836801752345e-03 1.818041376961358670e-03 2.040296679526418244e-03
9.947254370726820172e-01 1.235024569605252653e-03 1.818364786214361241e-03 2.221173663554277828e-03
9.948837520716022897e-01 1.235066150845136020e-03 1.754461090057773650e-03 2.126720562694252650e-03
9.937644517661184951e-01 1.493301615246133383e-03 1.887278702181259581e-03 2.854967728266611000e-03
9.940633682260724413e-01 1.493394259508436109e-03 2.221618315530843497e-03 2.221618315530843497e-03
9.949987275040659274e-01 1.266252743836748318e-03 1.695083943158428750e-03 2.039936197397591335e-03
9.950300215947561755e-01 1.235092708398980669e-03 1.694789388028525258e-03 2.040097042682239518e-03
9.941388037650683573e-01 1.409334895821123595e-03 2.324766706102114958e-03 2.127094531782598372e-03
9.948524860102343492e-01 1.266390574930218501e-03 1.754257604761972657e-03 2.126865623960585809e-03
9.942329083533677503e-01 1.449903149128972842e-03 1.754841743372714986e-03 2.562347041977286639e-03
9.949066810786706405e-01 1.234980836801752345e-03 1.818041376961358670e-03 2.040296679526418244e-03
9.948199125517509511e-01 1.235026215028185324e-03 1.818248386263307320e-03 2.126812581728371697e-03
9.949134669790150598e-01 1.205239353874209543e-03 1.754589949360858348e-03 2.126703270494900971e-03
9.943007698525151428e-01 1.334087615998192419e-03 2.040506299690822162e-03 2.324636648961652795e-03
9.948199125517509511e-01 1.235026215028185324e-03 1.818248386263307320e-03 2.126812581728371697e-03
9.948524860102343492e-01 1.266390574930218501e-03 1.754257604761972657e-03 2.126865623960585809e-03
9.950300215947561755e-01 1.235092708398980669e-03 1.694789388028525258e-03 2.040097042682239518e-03
9.949392406875400274e-01 1.266287410710897421e-03 1.754294618781556368e-03 2.040177062365255110e-03
9.947886707139682594e-01 1.266338795124008184e-03 1.818163020517828783e-03 2.126827314784145335e-03
9.948199125517509511e-01 1.235026215028185324e-03 1.818248386263307320e-03 2.126812581728371697e-03
9.941737976122564380e-01 1.370582094800304506e-03 1.754481789459489544e-03 2.701138878770526462e-03
9.948199125517509511e-01 1.235026215028185324e-03 1.818248386263307320e-03 2.126812581728371697e-03
9.937644517661184951e-01 1.493301615246133383e-03 1.887278702181259581e-03 2.854967728266611000e-03
9.950002413027881909e-01 1.205195004254475078e-03 1.754507747602647308e-03 2.040056514472443107e-03
9.949987275040659274e-01 1.266252743836748318e-03 1.695083943158428750e-03 2.039936197397591335e-03
9.942329083533677503e-01 1.449903149128972842e-03 1.754841743372714986e-03 2.562347041977286639e-03
9.950002413027881909e-01 1.205195004254475078e-03 1.754507747602647308e-03 2.040056514472443107e-03
9.947580225216324790e-01 1.266443968693539137e-03 1.754376970022802299e-03 2.221156270983578630e-03
9.939000977008051185e-01 1.450193223154658392e-03 2.324854769086844020e-03 2.324854769086844020e-03
9.937644517661184951e-01 1.493301615246133383e-03 1.887278702181259581e-03 2.854967728266611000e-03
9.948199125517509511e-01 1.235026215028185324e-03 1.818248386263307320e-03 2.126812581728371697e-03
9.945854022238312941e-01 1.334068980379154697e-03 2.040264519450110062e-03 2.040264519450273126e-03
9.948199125517509511e-01 1.235026215028185324e-03 1.818248386263307320e-03 2.126812581728371697e-03
9.948524860102343492e-01 1.266390574930218501e-03 1.754257604761972657e-03 2.126865623960585809e-03
9.948524860102343492e-01 1.266390574930218501e-03 1.754257604761972657e-03 2.126865623960585809e-03
9.948524860102343492e-01 1.266390574930218501e-03 1.754257604761972657e-03 2.126865623960585809e-03
9.937644517661184951e-01 1.493301615246133383e-03 1.887278702181259581e-03 2.854967728266611000e-03
9.948174425208764493e-01 1.266319945397223522e-03 1.695002280413810802e-03 2.221235577224269474e-03
9.947862028507885590e-01 1.234983195620029985e-03 1.851766895546640666e-03 2.127047409877664327e-03
9.947862028507885590e-01 1.234983195620029985e-03 1.851766895546640666e-03 2.127047409877664327e-03
9.940979206591367134e-01 1.450084272620661861e-03 2.127221170884655704e-03 2.324773881591561502e-03
9.941352508178827874e-01 1.409185314237425875e-03 1.754612524377968143e-03 2.700951283031117253e-03
9.937338346665056665e-01 1.450242116412355257e-03 1.961043145529927940e-03 2.854880246424734095e-03
9.947254370726820172e-01 1.235024569605252653e-03 1.818364786214361241e-03 2.221173663554277828e-03
9.949392406875400274e-01 1.266287410710897421e-03 1.754294618781556368e-03 2.040177062365255110e-03
9.940826614787537929e-01 1.370378719727667225e-03 2.325054569011430431e-03 2.221905410339996938e-03
9.950300215947561755e-01 1.235092708398980669e-03 1.694789388028525258e-03 2.040097042682239518e-03
9.940979206591367134e-01 1.450084272620661861e-03 2.127221170884655704e-03 2.324773881591561502e-03
9.941388037650683573e-01 1.409334895821123595e-03 2.324766706102114958e-03 2.127094531782598372e-03
9.947886707139682594e-01 1.266338795124008184e-03 1.818163020517828783e-03 2.126827314784145335e-03
9.942736993446437133e-01 1.409127078594173089e-03 1.754541916718377510e-03 2.562631754946983077e-03
9.942329083533677503e-01 1.449903149128972842e-03 1.754841743372714986e-03 2.562347041977286639e-03
9.949987275040659274e-01 1.266252743836748318e-03 1.695083943158428750e-03 2.039936197397591335e-03
9.939000977008051185e-01 1.450193223154658392e-03 2.324854769086844020e-03 2.324854769086844020e-03
9.949987275040659274e-01 1.266252743836748318e-03 1.695083943158428750e-03 2.039936197397591335e-03
9.937644517661184951e-01 1.493301615246133383e-03 1.887278702181259581e-03 2.854967728266611000e-03
9.942736993446437133e-01 1.409127078594173089e-03 1.754541916718377510e-03 2.562631754946983077e-03
9.948199125517509511e-01 1.235026215028185324e-03 1.818248386263307320e-03 2.126812581728371697e-03
9.944387436899392307e-01 1.299419813422641751e-03 2.040441636259471801e-03 2.221394243293583863e-03
9.948837520716022897e-01 1.235066150845136020e-03 1.754461090057773650e-03 2.126720562694252650e-03
9.940826614787537929e-01 1.370378719727667225e-03 2.325054569011430431e-03 2.221905410339996938e-03
9.941388037650683573e-01 1.409334895821123595e-03 2.324766706102114958e-03 2.127094531782598372e-03
9.948199125517509511e-01 1.235026215028185324e-03 1.818248386263307320e-03 2.126812581728371697e-03
9.944387436899392307e-01 1.299419813422641751e-03 2.040441636259471801e-03 2.221394243293583863e-03
9.948837520716022897e-01 1.235066150845136020e-03 1.754461090057773650e-03 2.126720562694252650e-03
9.948199125517509511e-01 1.235026215028185324e-03 1.818248386263307320e-03 2.126812581728371697e-03
9.946612739247812085e-01 1.299255142160007752e-03 1.818155452714147104e-03 2.221315878766138164e-03
9.948524860102343492e-01 1.266390574930218501e-03 1.754257604761972657e-03 2.126865623960585809e-03
9.948524860102343492e-01 1.266390574930218501e-03 1.754257604761972657e-03 2.126865623960585809e-03
9.946255698997376049e-01 1.266354529101277682e-03 1.886798072856640503e-03 2.221277679057622433e-03
9.948199125517509511e-01 1.235026215028185324e-03 1.818248386263307320e-03 2.126812581728371697e-03
9.941352508178827874e-01 1.409185314237425875e-03 1.754612524377968143e-03 2.700951283031117253e-03
9.948837520716022897e-01 1.235066150845136020e-03 1.754461090057773650e-03 2.126720562694252650e-03
9.942736993446437133e-01 1.409127078594173089e-03 1.754541916718377510e-03 2.562631754946983077e-03
9.939000977008051185e-01 1.450193223154658392e-03 2.324854769086844020e-03 2.324854769086844020e-03
9.940633682260724413e-01 1.493394259508436109e-03 2.221618315530843497e-03 2.221618315530843497e-03
9.948524860102343492e-01 1.266390574930218501e-03 1.754257604761972657e-03 2.126865623960585809e-03
9.949704679706281585e-01 1.234975821213549988e-03 1.754308449603032968e-03 2.040247700234282691e-03
9.949432608865227401e-01 1.235131375872275568e-03 1.694860288856886834e-03 2.126747363282492642e-03
9.947514222364587377e-01 1.235240891511460437e-03 1.886517675241694472e-03 2.126819345865485836e-03
9.937338346665056665e-01 1.450242116412355257e-03 1.961043145529927940e-03 2.854880246424734095e-03
9.948199125517509511e-01 1.235026215028185324e-03 1.818248386263307320e-03 2.126812581728371697e-03
9.945854022238312941e-01 1.334068980379154697e-03 2.040264519450110062e-03 2.040264519450273126e-03
9.944714529067881781e-01 1.266285270724851197e-03 2.040654193227272976e-03 2.221607034421068869e-03
9.949704679706281585e-01 1.234975821213549988e-03 1.754308449603032968e-03 2.040247700234282691e-03
9.941475788572358141e-01 1.409301047563985476e-03 2.221559968568471641e-03 2.221559968568779121e-03
9.948524860102343492e-01 1.266390574930218501e-03 1.754257604761972657e-03 2.126865623960585809e-03
9.949392406875400274e-01 1.266287410710897421e-03 1.754294618781556368e-03 2.040177062365255110e-03
9.948524860102343492e-01 1.266390574930218501e-03 1.754257604761972657e-03 2.126865623960585809e-03
9.948199125517509511e-01 1.235026215028185324e-03 1.818248386263307320e-03 2.126812581728371697e-03
9.940633682260724413e-01 1.493394259508436109e-03 2.221618315530843497e-03 2.221618315530843497e-03
9.941737976122564380e-01 1.370582094800304506e-03 1.754481789459489544e-03 2.701138878770526462e-03
9.949119740119692912e-01 1.266370843055767510e-03 1.694920870764333835e-03 2.126734397226497271e-03
9.948199125517509511e-01 1.235026215028185324e-03 1.818248386263307320e-03 2.126812581728371697e-03
9.949134669790150598e-01 1.205239353874209543e-03 1.754589949360858348e-03 2.126703270494900971e-03
9.948199125517509511e-01 1.235026215028185324e-03 1.818248386263307320e-03 2.126812581728371697e-03
9.949392406875400274e-01 1.266287410710897421e-03 1.754294618781556368e-03 2.040177062365255110e-03
9.947514222364587377e-01 1.235240891511460437e-03 1.886517675241694472e-03 2.126819345865485836e-03
9.949134669790150598e-01 1.205239353874209543e-03 1.754589949360858348e-03 2.126703270494900971e-03
9.942329083533677503e-01 1.449903149128972842e-03 1.754841743372714986e-03 2.562347041977286639e-03
9.937644517661184951e-01 1.493301615246133383e-03 1.887278702181259581e-03 2.854967728266611000e-03
9.949987275040659274e-01 1.266252743836748318e-03 1.695083943158428750e-03 2.039936197397591335e-03
9.945854022238312941e-01 1.334068980379154697e-03 2.040264519450110062e-03 2.040264519450273126e-03
9.943007698525151428e-01 1.334087615998192419e-03 2.040506299690822162e-03 2.324636648961652795e-03
9.940979206591367134e-01 1.450084272620661861e-03 2.127221170884655704e-03 2.324773881591561502e-03
9.937338346665056665e-01 1.450242116412355257e-03 1.961043145529927940e-03 2.854880246424734095e-03
9.940633682260724413e-01 1.493394259508436109e-03 2.221618315530843497e-03 2.221618315530843497e-03
9.949134669790150598e-01 1.205239353874209543e-03 1.754589949360858348e-03 2.126703270494900971e-03
9.949432608865227401e-01 1.235131375872275568e-03 1.694860288856886834e-03 2.126747363282492642e-03
9.941352508178827874e-01 1.409185314237425875e-03 1.754612524377968143e-03 2.700951283031117253e-03
9.937644517661184951e-01 1.493301615246133383e-03 1.887278702181259581e-03 2.854967728266611000e-03
9.949119740119692912e-01 1.266370843055767510e-03 1.694920870764333835e-03 2.126734397226497271e-03
9.937644517661184951e-01 1.493301615246133383e-03 1.887278702181259581e-03 2.854967728266611000e-03
9.947862028507885590e-01 1.234983195620029985e-03 1.851766895546640666e-03 2.127047409877664327e-03
9.949987275040659274e-01 1.266252743836748318e-03 1.695083943158428750e-03 2.039936197397591335e-03
9.949987275040659274e-01 1.266252743836748318e-03 1.695083943158428750e-03 2.039936197397591335e-03
9.948524860102343492e-01 1.266390574930218501e-03 1.754257604761972657e-03 2.126865623960585809e-03
9.944714529067881781e-01 1.266285270724851197e-03 2.040654193227272976e-03 2.221607034421068869e-03
9.941737976122564380e-01 1.370582094800304506e-03 1.754481789459489544e-03 2.701138878770526462e-03
9.941862477487155569e-01 1.370790702582237817e-03 2.221480869065295492e-03 2.221480869065174495e-03
9.950300215947561755e-01 1.235092708398980669e-03 1.694789388028525258e-03 2.040097042682239518e-03
9.948199125517509511e-01 1.235026215028185324e-03 1.818248386263307320e-03 2.126812581728371697e-03
9.948199125517509511e-01 1.235026215028185324e-03 1.818248386263307320e-03 2.126812581728371697e-03
9.948837520716022897e-01 1.235066150845136020e-03 1.754461090057773650e-03 2.126720562694252650e-03
9.941388037650683573e-01 1.409334895821123595e-03 2.324766706102114958e-03 2.127094531782598372e-03
9.948524860102343492e-01 1.266390574930218501e-03 1.754257604761972657e-03 2.126865623960585809e-03
9.937644517661184951e-01 1.493301615246133383e-03 1.887278702181259581e-03 2.854967728266611000e-03
9.946612739247812085e-01 1.299255142160007752e-03 1.818155452714147104e-03 2.221315878766138164e-03
9.944387436899392307e-01 1.299419813422641751e-03 2.040441636259471801e-03 2.221394243293583863e-03
9.948199125517509511e-01 1.235026215028185324e-03 1.818248386263307320e-03 2.126812581728371697e-03
9.947580225216324790e-01 1.266443968693539137e-03 1.754376970022802299e-03 2.221156270983578630e-03
9.941167052820057970e-01 1.389812109377489089e-03 2.221471572604630414e-03 2.272011377487231139e-03
9.940826614787537929e-01 1.370378719727667225e-03 2.325054569011430431e-03 2.221905410339996938e-03
9.947514222364587377e-01 1.235240891511460437e-03 1.886517675241694472e-03 2.126819345865485836e-03
9.942329083533677503e-01 1.449903149128972842e-03 1.754841743372714986e-03 2.562347041977286639e-03
9.946255698997376049e-01 1.266354529101277682e-03 1.886798072856640503e-03 2.221277679057622433e-03
9.940826614787537929e-01 1.370378719727667225e-03 2.325054569011430431e-03 2.221905410339996938e-03
9.950300215947561755e-01 1.235092708398980669e-03 1.694789388028525258e-03 2.040097042682239518e-03
9.942736993446437133e-01 1.409127078594173089e-03 1.754541916718377510e-03 2.562631754946983077e-03
9.949066810786706405e-01 1.234980836801752345e-03 1.818041376961358670e-03 2.040296679526418244e-03
9.949066810786706405e-01 1.234980836801752345e-03 1.818041376961358670e-03 2.040296679526418244e-03
9.944387436899392307e-01 1.299419813422641751e-03 2.040441636259471801e-03 2.221394243293583863e-03
9.940633682260724413e-01 1.493394259508436109e-03 2.221618315530843497e-03 2.221618315530843497e-03
9.941388037650683573e-01 1.409334895821123595e-03 2.324766706102114958e-03 2.127094531782598372e-03
9.950300215947561755e-01 1.235092708398980669e-03 1.694789388028525258e-03 2.040097042682239518e-03
9.950300215947561755e-01 1.235092708398980669e-03 1.694789388028525258e-03 2.040097042682239518e-03
9.949987275040659274e-01 1.266252743836748318e-03 1.695083943158428750e-03 2.039936197397591335e-03
9.949987275040659274e-01 1.266252743836748318e-03 1.695083943158428750e-03 2.039936197397591335e-03
9.940633682260724413e-01 1.493394259508436109e-03 2.221618315530843497e-03 2.221618315530843497e-03
9.941737976122564380e-01 1.370582094800304506e-03 1.754481789459489544e-03 2.701138878770526462e-03
9.949704679706281585e-01 1.234975821213549988e-03 1.754308449603032968e-03 2.040247700234282691e-03
9.950002413027881909e-01 1.205195004254475078e-03 1.754507747602647308e-03 2.040056514472443107e-03
9.944387436899392307e-01 1.299419813422641751e-03 2.040441636259471801e-03 2.221394243293583863e-03
9.943007698525151428e-01 1.334087615998192419e-03 2.040506299690822162e-03 2.324636648961652795e-03
9.948199125517509511e-01 1.235026215028185324e-03 1.818248386263307320e-03 2.126812581728371697e-03
9.949987275040659274e-01 1.266252743836748318e-03 1.695083943158428750e-03 2.039936197397591335e-03
9.937338346665056665e-01 1.450242116412355257e-03 1.961043145529927940e-03 2.854880246424734095e-03
9.950300215947561755e-01 1.235092708398980669e-03 1.694789388028525258e-03 2.040097042682239518e-03
9.944387436899392307e-01 1.299419813422641751e-03 2.040441636259471801e-03 2.221394243293583863e-03
9.944548003647902812e-01 1.334106222696739355e-03 1.886662399217441111e-03 2.324430984567071260e-03
9.940979206591367134e-01 1.450084272620661861e-03 2.127221170884655704e-03 2.324773881591561502e-03
9.944548003647902812e-01 1.334106222696739355e-03 1.886662399217441111e-03 2.324430984567071260e-03
9.941737976122564380e-01 1.370582094800304506e-03 1.754481789459489544e-03 2.701138878770526462e-03
9.947862028507885590e-01 1.234983195620029985e-03 1.851766895546640666e-03 2.127047409877664327e-03
9.950300215947561755e-01 1.235092708398980669e-03 1.694789388028525258e-03 2.040097042682239518e-03
9.937644517661184951e-01 1.493301615246133383e-03 1.887278702181259581e-03 2.854967728266611000e-03
9.941475788572358141e-01 1.409301047563985476e-03 2.221559968568471641e-03 2.221559968568779121e-03
9.940633682260724413e-01 1.493394259508436109e-03 2.221618315530843497e-03 2.221618315530843497e-03
9.937338346665056665e-01 1.450242116412355257e-03 1.961043145529927940e-03 2.854880246424734095e-03
9.949704679706281585e-01 1.234975821213549988e-03 1.754308449603032968e-03 2.040247700234282691e-03
9.948199125517509511e-01 1.235026215028185324e-03 1.818248386263307320e-03 2.126812581728371697e-03
9.950300215947561755e-01 1.235092708398980669e-03 1.694789388028525258e-03 2.040097042682239518e-03
9.948524860102343492e-01 1.266390574930218501e-03 1.754257604761972657e-03 2.126865623960585809e-03
9.949704679706281585e-01 1.234975821213549988e-03 1.754308449603032968e-03 2.040247700234282691e-03
9.943007698525151428e-01 1.334087615998192419e-03 2.040506299690822162e-03 2.324636648961652795e-03
9.948199125517509511e-01 1.235026215028185324e-03 1.818248386263307320e-03 2.126812581728371697e-03
9.946612739247812085e-01 1.299255142160007752e-03 1.818155452714147104e-03 2.221315878766138164e-03
9.949066810786706405e-01 1.234980836801752345e-03 1.818041376961358670e-03 2.040296679526418244e-03
9.947886707139682594e-01 1.266338795124008184e-03 1.818163020517828783e-03 2.126827314784145335e-03
9.949392406875400274e-01 1.266287410710897421e-03 1.754294618781556368e-03 2.040177062365255110e-03
9.944714529067881781e-01 1.266285270724851197e-03 2.040654193227272976e-03 2.221607034421068869e-03
9.949987275040659274e-01 1.266252743836748318e-03 1.695083943158428750e-03 2.039936197397591335e-03
9.948174425208764493e-01 1.266319945397223522e-03 1.695002280413810802e-03 2.221235577224269474e-03
9.949432608865227401e-01 1.235131375872275568e-03 1.694860288856886834e-03 2.126747363282492642e-03
9.942736993446437133e-01 1.409127078594173089e-03 1.754541916718377510e-03 2.562631754946983077e-03
9.937338346665056665e-01 1.450242116412355257e-03 1.961043145529927940e-03 2.854880246424734095e-03
9.941737976122564380e-01 1.370582094800304506e-03 1.754481789459489544e-03 2.701138878770526462e-03
9.947514222364587377e-01 1.235240891511460437e-03 1.886517675241694472e-03 2.126819345865485836e-03
9.941352508178827874e-01 1.409185314237425875e-03 1.754612524377968143e-03 2.700951283031117253e-03
9.950300215947561755e-01 1.235092708398980669e-03 1.694789388028525258e-03 2.040097042682239518e-03
9.949432608865227401e-01 1.235131375872275568e-03 1.694860288856886834e-03 2.126747363282492642e-03
9.937644517661184951e-01 1.493301615246133383e-03 1.887278702181259581e-03 2.854967728266611000e-03
9.948524860102343492e-01 1.266390574930218501e-03 1.754257604761972657e-03 2.126865623960585809e-03
9.941352508178827874e-01 1.409185314237425875e-03 1.754612524377968143e-03 2.700951283031117253e-03
9.948199125517509511e-01 1.235026215028185324e-03 1.818248386263307320e-03 2.126812581728371697e-03
9.941862477487155569e-01 1.370790702582237817e-03 2.221480869065295492e-03 2.221480869065174495e-03
9.944387436899392307e-01 1.299419813422641751e-03 2.040441636259471801e-03 2.221394243293583863e-03
9.945854022238312941e-01 1.334068980379154697e-03 2.040264519450110062e-03 2.040264519450273126e-03
9.949432608865227401e-01 1.235131375872275568e-03 1.694860288856886834e-03 2.126747363282492642e-03
9.948524860102343492e-01 1.266390574930218501e-03 1.754257604761972657e-03 2.126865623960585809e-03
9.942736993446437133e-01 1.409127078594173089e-03 1.754541916718377510e-03 2.562631754946983077e-03
9.949392406875400274e-01 1.266287410710897421e-03 1.754294618781556368e-03 2.040177062365255110e-03
9.937644517661184951e-01 1.493301615246133383e-03 1.887278702181259581e-03 2.854967728266611000e-03
9.941167052820057970e-01 1.389812109377489089e-03 2.221471572604630414e-03 2.272011377487231139e-03
9.937644517661184951e-01 1.493301615246133383e-03 1.887278702181259581e-03 2.854967728266611000e-03
9.947254370726820172e-01 1.235024569605252653e-03 1.818364786214361241e-03 2.221173663554277828e-03
9.949392406875400274e-01 1.266287410710897421e-03 1.754294618781556368e-03 2.040177062365255110e-03
9.948524860102343492e-01 1.266390574930218501e-03 1.754257604761972657e-03 2.126865623960585809e-03
9.949987275040659274e-01 1.266252743836748318e-03 1.695083943158428750e-03 2.039936197397591335e-03
9.949119740119692912e-01 1.266370843055767510e-03 1.694920870764333835e-03 2.126734397226497271e-03
9.944387436899392307e-01 1.299419813422641751e-03 2.040441636259471801e-03 2.221394243293583863e-03
9.944387436899392307e-01 1.299419813422641751e-03 2.040441636259471801e-03 2.221394243293583863e-03
9.949066810786706405e-01 1.234980836801752345e-03 1.818041376961358670e-03 2.040296679526418244e-03
9.949134669790150598e-01 1.205239353874209543e-03 1.754589949360858348e-03 2.126703270494900971e-03
9.947862028507885590e-01 1.234983195620029985e-03 1.851766895546640666e-03 2.127047409877664327e-03
9.940979206591367134e-01 1.450084272620661861e-03 2.127221170884655704e-03 2.324773881591561502e-03
9.944548003647902812e-01 1.334106222696739355e-03 1.886662399217441111e-03 2.324430984567071260e-03
9.940633682260724413e-01 1.493394259508436109e-03 2.221618315530843497e-03 2.221618315530843497e-03
9.948524860102343492e-01 1.266390574930218501e-03 1.754257604761972657e-03 2.126865623960585809e-03
9.944714529067881781e-01 1.266285270724851197e-03 2.040654193227272976e-03 2.221607034421068869e-03
9.937644517661184951e-01 1.493301615246133383e-03 1.887278702181259581e-03 2.854967728266611000e-03
9.946255698997376049e-01 1.266354529101277682e-03 1.886798072856640503e-03 2.221277679057622433e-03
9.949134669790150598e-01 1.205239353874209543e-03 1.754589949360858348e-03 2.126703270494900971e-03
9.940979206591367134e-01 1.450084272620661861e-03 2.127221170884655704e-03 2.324773881591561502e-03
9.946612739247812085e-01 1.299255142160007752e-03 1.818155452714147104e-03 2.221315878766138164e-03
9.948524860102343492e-01 1.266390574930218501e-03 1.754257604761972657e-03 2.126865623960585809e-03
9.949432608865227401e-01 1.235131375872275568e-03 1.694860288856886834e-03 2.126747363282492642e-03
9.950300215947561755e-01 1.235092708398980669e-03 1.694789388028525258e-03 2.040097042682239518e-03
9.941167052820057970e-01 1.389812109377489089e-03 2.221471572604630414e-03 2.272011377487231139e-03
9.949432608865227401e-01 1.235131375872275568e-03 1.694860288856886834e-03 2.126747363282492642e-03
9.947886707139682594e-01 1.266338795124008184e-03 1.818163020517828783e-03 2.126827314784145335e-03
9.948199125517509511e-01 1.235026215028185324e-03 1.818248386263307320e-03 2.126812581728371697e-03
9.937644517661184951e-01 1.493301615246133383e-03 1.887278702181259581e-03 2.854967728266611000e-03
9.940633682260724413e-01 1.493394259508436109e-03 2.221618315530843497e-03 2.221618315530843497e-03
9.942329083533677503e-01 1.449903149128972842e-03 1.754841743372714986e-03 2.562347041977286639e-03
9.948524860102343492e-01 1.266390574930218501e-03 1.754257604761972657e-03 2.126865623960585809e-03
9.937644517661184951e-01 1.493301615246133383e-03 1.887278702181259581e-03 2.854967728266611000e-03
9.944387436899392307e-01 1.299419813422641751e-03 2.040441636259471801e-03 2.221394243293583863e-03
9.942329083533677503e-01 1.449903149128972842e-03 1.754841743372714986e-03 2.562347041977286639e-03
9.947514222364587377e-01 1.235240891511460437e-03 1.886517675241694472e-03 2.126819345865485836e-03
