9.148431212269662050e-01 2.075127133578948471e-02 2.921248923166713113e-02 3.519312933345763311e-02
9.111457526343409441e-01 2.183609099271796583e-02 3.028030800881471862e-02 3.673784860657361429e-02
8.963658013951802950e-01 2.514794742621436277e-02 3.155973148092979658e-02 4.692651868217550398e-02
9.020885234551745402e-01 2.339421265958979007e-02 3.685730394803510279e-02 3.765995955284780206e-02
9.024490995854503872e-01 2.371175021428639437e-02 3.849347085177914213e-02 3.534567941068463698e-02
9.143159922718777644e-01 2.127094956034790776e-02 2.921795944421206465e-02 3.519509935968015424e-02
9.025129194468346494e-01 2.370873669193911820e-02 2.934644137297718822e-02 4.443191547706805411e-02
8.963658013951802950e-01 2.514794742621436277e-02 3.155973148092979658e-02 4.692651868217550398e-02
9.105605805125265295e-01 2.129735150928993917e-02 3.139366345422152371e-02 3.674841401434949389e-02
9.105605805125265295e-01 2.129735150928993917e-02 3.139366345422152371e-02 3.674841401434949389e-02
9.011558596675535160e-01 2.509349925436189094e-02 3.687532696300557800e-02 3.687532696300557800e-02
8.984851448371405924e-01 2.441824547889430430e-02 3.854830320463490528e-02 3.854830320463486365e-02
9.143159922718777644e-01 2.127094956034790776e-02 2.921795944421206465e-02 3.519509935968015424e-02
9.158338486398602818e-01 2.074393467287082710e-02 2.824522272014318505e-02 3.517700547687652168e-02
8.963658013951802950e-01 2.514794742621436277e-02 3.155973148092979658e-02 4.692651868217550398e-02
9.152104955310577106e-01 2.074734726813257796e-02 3.023998326297306499e-02 3.380218396448697593e-02
9.122316319805163776e-01 2.077013915494420326e-02 3.027414468838143802e-02 3.672409591663358674e-02
9.148431212269662050e-01 2.075127133578948471e-02 2.921248923166713113e-02 3.519312933345763311e-02
8.963658013951802950e-01 2.514794742621436277e-02 3.155973148092979658e-02 4.692651868217550398e-02
9.011558596675535160e-01 2.509349925436189094e-02 3.687532696300557800e-02 3.687532696300557800e-02
9.167299199156058176e-01 2.124988033764360629e-02 2.823191990186727646e-02 3.378829393407722231e-02
9.172609883929432328e-01 2.073457219722065273e-02 2.822766783252059902e-02 3.377677321816457967e-02
9.024490995854503872e-01 2.371175021428639437e-02 3.849347085177914213e-02 3.534567941068463698e-02
9.143159922718777644e-01 2.127094956034790776e-02 2.921795944421206465e-02 3.519509935968015424e-02
9.040659989649530992e-01 2.435888415079130731e-02 2.932299236668498704e-02 4.225214805793806039e-02
9.152104955310577106e-01 2.074734726813257796e-02 3.023998326297306499e-02 3.380218396448697593e-02
9.137851234138363310e-01 2.076152460885604539e-02 3.025122953729015088e-02 3.520212229509547125e-02
9.153504250248033491e-01 2.026070668472416611e-02 2.920738608257562180e-02 3.518148635015409115e-02
9.051618434526453871e-01 2.245082299235078016e-02 3.392540358294104247e-02 3.846193662720327061e-02
9.137851234138363310e-01 2.076152460885604539e-02 3.025122953729015088e-02 3.520212229509547125e-02
9.143159922718777644e-01 2.127094956034790776e-02 2.921795944421206465e-02 3.519509935968015424e-02
9.172609883929432328e-01 2.073457219722065273e-02 2.822766783252059902e-02 3.377677321816457967e-02
9.157430808996083194e-01 2.125950959253446876e-02 2.920290575880062425e-02 3.379450485168532248e-02
9.132551273028125527e-01 2.127921477977938111e-02 3.025703796308289520e-02 3.520861991138656694e-02
9.137851234138363310e-01 2.076152460885604539e-02 3.025122953729015088e-02 3.520212229509547125e-02
9.031675829221934571e-01 2.306674805266032899e-02 2.934200648940891998e-02 4.442367515844648784e-02
9.137851234138363310e-01 2.076152460885604539e-02 3.025122953729015088e-02 3.520212229509547125e-02
8.963658013951802950e-01 2.514794742621436277e-02 3.155973148092979658e-02 4.692651868217550398e-02
9.167758783884484286e-01 2.024941133177081756e-02 2.919223992505993320e-02 3.378247040699582093e-02
9.167299199156058176e-01 2.124988033764360629e-02 2.823191990186727646e-02 3.378829393407722231e-02
9.040659989649530992e-01 2.435888415079130731e-02 2.932299236668498704e-02 4.225214805793806039e-02
9.167758783884484286e-01 2.024941133177081756e-02 2.919223992505993320e-02 3.378247040699582093e-02
9.127633998406547988e-01 2.128077190539453059e-02 2.923674055912342876e-02 3.671909677520408810e-02
8.984851448371405924e-01 2.441824547889430430e-02 3.854830320463490528e-02 3.854830320463486365e-02
8.963658013951802950e-01 2.514794742621436277e-02 3.155973148092979658e-02 4.692651868217550398e-02
9.137851234138363310e-01 2.076152460885604539e-02 3.025122953729015088e-02 3.520212229509547125e-02
9.098531416092671131e-01 2.241560825621960115e-02 3.386562503984144601e-02 3.386562503984005129e-02
9.137851234138363310e-01 2.076152460885604539e-02 3.025122953729015088e-02 3.520212229509547125e-02
9.143159922718777644e-01 2.127094956034790776e-02 2.921795944421206465e-02 3.519509935968015424e-02
9.143159922718777644e-01 2.127094956034790776e-02 2.921795944421206465e-02 3.519509935968015424e-02
9.143159922718777644e-01 2.127094956034790776e-02 2.921795944421206465e-02 3.519509935968015424e-02
8.963658013951802950e-01 2.514794742621436277e-02 3.155973148092979658e-02 4.692651868217550398e-02
9.137523922978533220e-01 2.126900476305779858e-02 2.826860132456521582e-02 3.671001698365315008e-02
9.132238487929951187e-01 2.076263317803268837e-02 3.080400114324139890e-02 3.520952705990337828e-02
9.132238487929951187e-01 2.076263317803268837e-02 3.080400114324139890e-02 3.520952705990337828e-02
9.017518656379757136e-01 2.438317677502835693e-02 3.535496789428143466e-02 3.851000351763708696e-02
9.025129194468346494e-01 2.370873669193911820e-02 2.934644137297718822e-02 4.443191547706805411e-02
8.958564566584367173e-01 2.443831810621054784e-02 3.275704749651784514e-02 4.694818884139777271e-02
9.122316319805163776e-01 2.077013915494420326e-02 3.027414468838143802e-02 3.672409591663358674e-02
9.157430808996083194e-01 2.125950959253446876e-02 2.920290575880062425e-02 3.379450485168532248e-02
9.015425625966262402e-01 2.308667432110004733e-02 3.851064678290444521e-02 3.686011217250678706e-02
9.172609883929432328e-01 2.073457219722065273e-02 2.822766783252059902e-02 3.377677321816457967e-02
9.017518656379757136e-01 2.438317677502835693e-02 3.535496789428143466e-02 3.851000351763708696e-02
9.024490995854503872e-01 2.371175021428639437e-02 3.849347085177914213e-02 3.534567941068463698e-02
9.132551273028125527e-01 2.127921477977938111e-02 3.025703796308289520e-02 3.520861991138656694e-02
9.047616994010458935e-01 2.368612707825706876e-02 2.932221355007773658e-02 4.222997483689439058e-02
9.040659989649530992e-01 2.435888415079130731e-02 2.932299236668498704e-02 4.225214805793806039e-02
9.167299199156058176e-01 2.124988033764360629e-02 2.823191990186727646e-02 3.378829393407722231e-02
8.984851448371405924e-01 2.441824547889430430e-02 3.854830320463490528e-02 3.854830320463486365e-02
9.167299199156058176e-01 2.124988033764360629e-02 2.823191990186727646e-02 3.378829393407722231e-02
8.963658013951802950e-01 2.514794742621436277e-02 3.155973148092979658e-02 4.692651868217550398e-02
9.047616994010458935e-01 2.368612707825706876e-02 2.932221355007773658e-02 4.222997483689439058e-02
9.137851234138363310e-01 2.076152460885604539e-02 3.025122953729015088e-02 3.520212229509547125e-02
9.074515737338216814e-01 2.186684292026426155e-02 3.389542804902258982e-02 3.678615540020342689e-02
9.148431212269662050e-01 2.075127133578948471e-02 2.921248923166713113e-02 3.519312933345763311e-02
9.015425625966262402e-01 2.308667432110004733e-02 3.851064678290444521e-02 3.686011217250678706e-02
9.024490995854503872e-01 2.371175021428639437e-02 3.849347085177914213e-02 3.534567941068463698e-02
9.137851234138363310e-01 2.076152460885604539e-02 3.025122953729015088e-02 3.520212229509547125e-02
9.074515737338216814e-01 2.186684292026426155e-02 3.389542804902258982e-02 3.678615540020342689e-02
9.148431212269662050e-01 2.075127133578948471e-02 2.921248923166713113e-02 3.519312933345763311e-02
9.137851234138363310e-01 2.076152460885604539e-02 3.025122953729015088e-02 3.520212229509547125e-02
9.111457526343409441e-01 2.183609099271796583e-02 3.028030800881471862e-02 3.673784860657361429e-02
9.143159922718777644e-01 2.127094956034790776e-02 2.921795944421206465e-02 3.519509935968015424e-02
9.143159922718777644e-01 2.127094956034790776e-02 2.921795944421206465e-02 3.519509935968015424e-02
9.105605805125265295e-01 2.129735150928993917e-02 3.139366345422152371e-02 3.674841401434949389e-02
9.137851234138363310e-01 2.076152460885604539e-02 3.025122953729015088e-02 3.520212229509547125e-02
9.025129194468346494e-01 2.370873669193911820e-02 2.934644137297718822e-02 4.443191547706805411e-02
9.148431212269662050e-01 2.075127133578948471e-02 2.921248923166713113e-02 3.519312933345763311e-02
9.047616994010458935e-01 2.368612707825706876e-02 2.932221355007773658e-02 4.222997483689439058e-02
8.984851448371405924e-01 2.441824547889430430e-02 3.854830320463490528e-02 3.854830320463486365e-02
9.011558596675535160e-01 2.509349925436189094e-02 3.687532696300557800e-02 3.687532696300557800e-02
9.143159922718777644e-01 2.127094956034790776e-02 2.921795944421206465e-02 3.519509935968015424e-02
9.162718683843078527e-01 2.074188070275399115e-02 2.919763555800846885e-02 3.378861560517508467e-02
9.158338486398602818e-01 2.074393467287082710e-02 2.824522272014318505e-02 3.517700547687652168e-02
9.126434247720386361e-01 2.076601770070272274e-02 3.137266995701390448e-02 3.521789924039054470e-02
8.958564566584367173e-01 2.443831810621054784e-02 3.275704749651784514e-02 4.694818884139777271e-02
9.137851234138363310e-01 2.076152460885604539e-02 3.025122953729015088e-02 3.520212229509547125e-02
9.098531416092671131e-01 2.241560825621960115e-02 3.386562503984144601e-02 3.386562503984005129e-02
9.080065407626706220e-01 2.131582716630468083e-02 3.389648694868854784e-02 3.678115530379543613e-02
9.162718683843078527e-01 2.074188070275399115e-02 2.919763555800846885e-02 3.378861560517508467e-02
9.025874088123738703e-01 2.370913833792751696e-02 3.685172686584223256e-02 3.685172686584291257e-02
9.143159922718777644e-01 2.127094956034790776e-02 2.921795944421206465e-02 3.519509935968015424e-02
9.157430808996083194e-01 2.125950959253446876e-02 2.920290575880062425e-02 3.379450485168532248e-02
9.143159922718777644e-01 2.127094956034790776e-02 2.921795944421206465e-02 3.519509935968015424e-02
9.137851234138363310e-01 2.076152460885604539e-02 3.025122953729015088e-02 3.520212229509547125e-02
9.011558596675535160e-01 2.509349925436189094e-02 3.687532696300557800e-02 3.687532696300557800e-02
9.031675829221934571e-01 2.306674805266032899e-02 2.934200648940891998e-02 4.442367515844648784e-02
9.153060816607506700e-01 2.126278600603621893e-02 2.824803244142263733e-02 3.518309983965098309e-02
9.137851234138363310e-01 2.076152460885604539e-02 3.025122953729015088e-02 3.520212229509547125e-02
9.153504250248033491e-01 2.026070668472416611e-02 2.920738608257562180e-02 3.518148635015409115e-02
9.137851234138363310e-01 2.076152460885604539e-02 3.025122953729015088e-02 3.520212229509547125e-02
9.157430808996083194e-01 2.125950959253446876e-02 2.920290575880062425e-02 3.379450485168532248e-02
9.126434247720386361e-01 2.076601770070272274e-02 3.137266995701390448e-02 3.521789924039054470e-02
9.153504250248033491e-01 2.026070668472416611e-02 2.920738608257562180e-02 3.518148635015409115e-02
9.040659989649530992e-01 2.435888415079130731e-02 2.932299236668498704e-02 4.225214805793806039e-02
8.963658013951802950e-01 2.514794742621436277e-02 3.155973148092979658e-02 4.692651868217550398e-02
9.167299199156058176e-01 2.124988033764360629e-02 2.823191990186727646e-02 3.378829393407722231e-02
9.098531416092671131e-01 2.241560825621960115e-02 3.386562503984144601e-02 3.386562503984005129e-02
9.051618434526453871e-01 2.245082299235078016e-02 3.392540358294104247e-02 3.846193662720327061e-02
9.017518656379757136e-01 2.438317677502835693e-02 3.535496789428143466e-02 3.851000351763708696e-02
8.958564566584367173e-01 2.443831810621054784e-02 3.275704749651784514e-02 4.694818884139777271e-02
9.011558596675535160e-01 2.509349925436189094e-02 3.687532696300557800e-02 3.687532696300557800e-02
9.153504250248033491e-01 2.026070668472416611e-02 2.920738608257562180e-02 3.518148635015409115e-02
9.158338486398602818e-01 2.074393467287082710e-02 2.824522272014318505e-02 3.517700547687652168e-02
9.025129194468346494e-01 2.370873669193911820e-02 2.934644137297718822e-02 4.443191547706805411e-02
8.963658013951802950e-01 2.514794742621436277e-02 3.155973148092979658e-02 4.692651868217550398e-02
9.153060816607506700e-01 2.126278600603621893e-02 2.824803244142263733e-02 3.518309983965098309e-02
8.963658013951802950e-01 2.514794742621436277e-02 3.155973148092979658e-02 4.692651868217550398e-02
9.132238487929951187e-01 2.076263317803268837e-02 3.080400114324139890e-02 3.520952705990337828e-02
9.167299199156058176e-01 2.124988033764360629e-02 2.823191990186727646e-02 3.378829393407722231e-02
9.167299199156058176e-01 2.124988033764360629e-02 2.823191990186727646e-02 3.378829393407722231e-02
9.143159922718777644e-01 2.127094956034790776e-02 2.921795944421206465e-02 3.519509935968015424e-02
9.080065407626706220e-01 2.131582716630468083e-02 3.389648694868854784e-02 3.678115530379543613e-02
9.031675829221934571e-01 2.306674805266032899e-02 2.934200648940891998e-02 4.442367515844648784e-02
9.032447614546974535e-01 2.307204102377520549e-02 3.684160017823642774e-02 3.684160017823642774e-02
9.172609883929432328e-01 2.073457219722065273e-02 2.822766783252059902e-02 3.377677321816457967e-02
9.137851234138363310e-01 2.076152460885604539e-02 3.025122953729015088e-02 3.520212229509547125e-02
9.137851234138363310e-01 2.076152460885604539e-02 3.025122953729015088e-02 3.520212229509547125e-02
9.148431212269662050e-01 2.075127133578948471e-02 2.921248923166713113e-02 3.519312933345763311e-02
9.024490995854503872e-01 2.371175021428639437e-02 3.849347085177914213e-02 3.534567941068463698e-02
9.143159922718777644e-01 2.127094956034790776e-02 2.921795944421206465e-02 3.519509935968015424e-02
8.963658013951802950e-01 2.514794742621436277e-02 3.155973148092979658e-02 4.692651868217550398e-02
9.111457526343409441e-01 2.183609099271796583e-02 3.028030800881471862e-02 3.673784860657361429e-02
9.074515737338216814e-01 2.186684292026426155e-02 3.389542804902258982e-02 3.678615540020342689e-02
9.137851234138363310e-01 2.076152460885604539e-02 3.025122953729015088e-02 3.520212229509547125e-02
9.127633998406547988e-01 2.128077190539453059e-02 2.923674055912342876e-02 3.671909677520408810e-02
9.020885234551745402e-01 2.339421265958979007e-02 3.685730394803510279e-02 3.765995955284780206e-02
9.015425625966262402e-01 2.308667432110004733e-02 3.851064678290444521e-02 3.686011217250678706e-02
9.126434247720386361e-01 2.076601770070272274e-02 3.137266995701390448e-02 3.521789924039054470e-02
9.040659989649530992e-01 2.435888415079130731e-02 2.932299236668498704e-02 4.225214805793806039e-02
9.105605805125265295e-01 2.129735150928993917e-02 3.139366345422152371e-02 3.674841401434949389e-02
9.015425625966262402e-01 2.308667432110004733e-02 3.851064678290444521e-02 3.686011217250678706e-02
9.172609883929432328e-01 2.073457219722065273e-02 2.822766783252059902e-02 3.377677321816457967e-02
9.047616994010458935e-01 2.368612707825706876e-02 2.932221355007773658e-02 4.222997483689439058e-02
9.152104955310577106e-01 2.074734726813257796e-02 3.023998326297306499e-02 3.380218396448697593e-02
9.152104955310577106e-01 2.074734726813257796e-02 3.023998326297306499e-02 3.380218396448697593e-02
9.074515737338216814e-01 2.186684292026426155e-02 3.389542804902258982e-02 3.678615540020342689e-02
9.011558596675535160e-01 2.509349925436189094e-02 3.687532696300557800e-02 3.687532696300557800e-02
9.024490995854503872e-01 2.371175021428639437e-02 3.849347085177914213e-02 3.534567941068463698e-02
9.172609883929432328e-01 2.073457219722065273e-02 2.822766783252059902e-02 3.377677321816457967e-02
9.172609883929432328e-01 2.073457219722065273e-02 2.822766783252059902e-02 3.377677321816457967e-02
9.167299199156058176e-01 2.124988033764360629e-02 2.823191990186727646e-02 3.378829393407722231e-02
9.167299199156058176e-01 2.124988033764360629e-02 2.823191990186727646e-02 3.378829393407722231e-02
9.011558596675535160e-01 2.509349925436189094e-02 3.687532696300557800e-02 3.687532696300557800e-02
9.031675829221934571e-01 2.306674805266032899e-02 2.934200648940891998e-02 4.442367515844648784e-02
9.162718683843078527e-01 2.074188070275399115e-02 2.919763555800846885e-02 3.378861560517508467e-02
9.167758783884484286e-01 2.024941133177081756e-02 2.919223992505993320e-02 3.378247040699582093e-02
9.074515737338216814e-01 2.186684292026426155e-02 3.389542804902258982e-02 3.678615540020342689e-02
9.051618434526453871e-01 2.245082299235078016e-02 3.392540358294104247e-02 3.846193662720327061e-02
9.137851234138363310e-01 2.076152460885604539e-02 3.025122953729015088e-02 3.520212229509547125e-02
9.167299199156058176e-01 2.124988033764360629e-02 2.823191990186727646e-02 3.378829393407722231e-02
8.958564566584367173e-01 2.443831810621054784e-02 3.275704749651784514e-02 4.694818884139777271e-02
9.172609883929432328e-01 2.073457219722065273e-02 2.822766783252059902e-02 3.377677321816457967e-02
9.074515737338216814e-01 2.186684292026426155e-02 3.389542804902258982e-02 3.678615540020342689e-02
9.077230571857192176e-01 2.243330284885322601e-02 3.142261079131931922e-02 3.842102901542545496e-02
9.017518656379757136e-01 2.438317677502835693e-02 3.535496789428143466e-02 3.851000351763708696e-02
9.077230571857192176e-01 2.243330284885322601e-02 3.142261079131931922e-02 3.842102901542545496e-02
9.031675829221934571e-01 2.306674805266032899e-02 2.934200648940891998e-02 4.442367515844648784e-02
9.132238487929951187e-01 2.076263317803268837e-02 3.080400114324139890e-02 3.520952705990337828e-02
9.172609883929432328e-01 2.073457219722065273e-02 2.822766783252059902e-02 3.377677321816457967e-02
8.963658013951802950e-01 2.514794742621436277e-02 3.155973148092979658e-02 4.692651868217550398e-02
9.025874088123738703e-01 2.370913833792751696e-02 3.685172686584223256e-02 3.685172686584291257e-02
9.011558596675535160e-01 2.509349925436189094e-02 3.687532696300557800e-02 3.687532696300557800e-02
8.958564566584367173e-01 2.443831810621054784e-02 3.275704749651784514e-02 4.694818884139777271e-02
9.162718683843078527e-01 2.074188070275399115e-02 2.919763555800846885e-02 3.378861560517508467e-02
9.137851234138363310e-01 2.076152460885604539e-02 3.025122953729015088e-02 3.520212229509547125e-02
9.172609883929432328e-01 2.073457219722065273e-02 2.822766783252059902e-02 3.377677321816457967e-02
9.143159922718777644e-01 2.127094956034790776e-02 2.921795944421206465e-02 3.519509935968015424e-02
9.162718683843078527e-01 2.074188070275399115e-02 2.919763555800846885e-02 3.378861560517508467e-02
9.051618434526453871e-01 2.245082299235078016e-02 3.392540358294104247e-02 3.846193662720327061e-02
9.137851234138363310e-01 2.076152460885604539e-02 3.025122953729015088e-02 3.520212229509547125e-02
9.111457526343409441e-01 2.183609099271796583e-02 3.028030800881471862e-02 3.673784860657361429e-02
9.152104955310577106e-01 2.074734726813257796e-02 3.023998326297306499e-02 3.380218396448697593e-02
9.132551273028125527e-01 2.127921477977938111e-02 3.025703796308289520e-02 3.520861991138656694e-02
9.157430808996083194e-01 2.125950959253446876e-02 2.920290575880062425e-02 3.379450485168532248e-02
9.080065407626706220e-01 2.131582716630468083e-02 3.389648694868854784e-02 3.678115530379543613e-02
9.167299199156058176e-01 2.124988033764360629e-02 2.823191990186727646e-02 3.378829393407722231e-02
9.137523922978533220e-01 2.126900476305779858e-02 2.826860132456521582e-02 3.671001698365315008e-02
9.158338486398602818e-01 2.074393467287082710e-02 2.824522272014318505e-02 3.517700547687652168e-02
9.047616994010458935e-01 2.368612707825706876e-02 2.932221355007773658e-02 4.222997483689439058e-02
8.958564566584367173e-01 2.443831810621054784e-02 3.275704749651784514e-02 4.694818884139777271e-02
9.031675829221934571e-01 2.306674805266032899e-02 2.934200648940891998e-02 4.442367515844648784e-02
9.126434247720386361e-01 2.076601770070272274e-02 3.137266995701390448e-02 3.521789924039054470e-02
9.025129194468346494e-01 2.370873669193911820e-02 2.934644137297718822e-02 4.443191547706805411e-02
9.172609883929432328e-01 2.073457219722065273e-02 2.822766783252059902e-02 3.377677321816457967e-02
9.158338486398602818e-01 2.074393467287082710e-02 2.824522272014318505e-02 3.517700547687652168e-02
8.963658013951802950e-01 2.514794742621436277e-02 3.155973148092979658e-02 4.692651868217550398e-02
9.143159922718777644e-01 2.127094956034790776e-02 2.921795944421206465e-02 3.519509935968015424e-02
9.025129194468346494e-01 2.370873669193911820e-02 2.934644137297718822e-02 4.443191547706805411e-02
9.137851234138363310e-01 2.076152460885604539e-02 3.025122953729015088e-02 3.520212229509547125e-02
9.032447614546974535e-01 2.307204102377520549e-02 3.684160017823642774e-02 3.684160017823642774e-02
9.074515737338216814e-01 2.186684292026426155e-02 3.389542804902258982e-02 3.678615540020342689e-02
9.098531416092671131e-01 2.241560825621960115e-02 3.386562503984144601e-02 3.386562503984005129e-02
9.158338486398602818e-01 2.074393467287082710e-02 2.824522272014318505e-02 3.517700547687652168e-02
9.143159922718777644e-01 2.127094956034790776e-02 2.921795944421206465e-02 3.519509935968015424e-02
9.047616994010458935e-01 2.368612707825706876e-02 2.932221355007773658e-02 4.222997483689439058e-02
9.157430808996083194e-01 2.125950959253446876e-02 2.920290575880062425e-02 3.379450485168532248e-02
8.963658013951802950e-01 2.514794742621436277e-02 3.155973148092979658e-02 4.692651868217550398e-02
9.020885234551745402e-01 2.339421265958979007e-02 3.685730394803510279e-02 3.765995955284780206e-02
8.963658013951802950e-01 2.514794742621436277e-02 3.155973148092979658e-02 4.692651868217550398e-02
9.122316319805163776e-01 2.077013915494420326e-02 3.027414468838143802e-02 3.672409591663358674e-02
9.157430808996083194e-01 2.125950959253446876e-02 2.920290575880062425e-02 3.379450485168532248e-02
9.143159922718777644e-01 2.127094956034790776e-02 2.921795944421206465e-02 3.519509935968015424e-02
9.167299199156058176e-01 2.124988033764360629e-02 2.823191990186727646e-02 3.378829393407722231e-02
9.153060816607506700e-01 2.126278600603621893e-02 2.824803244142263733e-02 3.518309983965098309e-02
9.074515737338216814e-01 2.186684292026426155e-02 3.389542804902258982e-02 3.678615540020342689e-02
9.074515737338216814e-01 2.186684292026426155e-02 3.389542804902258982e-02 3.678615540020342689e-02
9.152104955310577106e-01 2.074734726813257796e-02 3.023998326297306499e-02 3.380218396448697593e-02
9.153504250248033491e-01 2.026070668472416611e-02 2.920738608257562180e-02 3.518148635015409115e-02
9.132238487929951187e-01 2.076263317803268837e-02 3.080400114324139890e-02 3.520952705990337828e-02
9.017518656379757136e-01 2.438317677502835693e-02 3.535496789428143466e-02 3.851000351763708696e-02
9.077230571857192176e-01 2.243330284885322601e-02 3.142261079131931922e-02 3.842102901542545496e-02
9.011558596675535160e-01 2.509349925436189094e-02 3.687532696300557800e-02 3.687532696300557800e-02
9.143159922718777644e-01 2.127094956034790776e-02 2.921795944421206465e-02 3.519509935968015424e-02
9.080065407626706220e-01 2.131582716630468083e-02 3.389648694868854784e-02 3.678115530379543613e-02
8.963658013951802950e-01 2.514794742621436277e-02 3.155973148092979658e-02 4.692651868217550398e-02
9.105605805125265295e-01 2.129735150928993917e-02 3.139366345422152371e-02 3.674841401434949389e-02
9.153504250248033491e-01 2.026070668472416611e-02 2.920738608257562180e-02 3.518148635015409115e-02
9.017518656379757136e-01 2.438317677502835693e-02 3.535496789428143466e-02 3.851000351763708696e-02
9.111457526343409441e-01 2.183609099271796583e-02 3.028030800881471862e-02 3.673784860657361429e-02
9.143159922718777644e-01 2.127094956034790776e-02 2.921795944421206465e-02 3.519509935968015424e-02
9.158338486398602818e-01 2.074393467287082710e-02 2.824522272014318505e-02 3.517700547687652168e-02
9.172609883929432328e-01 2.073457219722065273e-02 2.822766783252059902e-02 3.377677321816457967e-02
9.020885234551745402e-01 2.339421265958979007e-02 3.685730394803510279e-02 3.765995955284780206e-02
9.158338486398602818e-01 2.074393467287082710e-02 2.824522272014318505e-02 3.517700547687652168e-02
9.132551273028125527e-01 2.127921477977938111e-02 3.025703796308289520e-02 3.520861991138656694e-02
9.137851234138363310e-01 2.076152460885604539e-02 3.025122953729015088e-02 3.520212229509547125e-02
8.963658013951802950e-01 2.514794742621436277e-02 3.155973148092979658e-02 4.692651868217550398e-02
9.011558596675535160e-01 2.509349925436189094e-02 3.687532696300557800e-02 3.687532696300557800e-02
9.040659989649530992e-01 2.435888415079130731e-02 2.932299236668498704e-02 4.225214805793806039e-02
9.143159922718777644e-01 2.127094956034790776e-02 2.921795944421206465e-02 3.519509935968015424e-02
8.963658013951802950e-01 2.514794742621436277e-02 3.155973148092979658e-02 4.692651868217550398e-02
9.074515737338216814e-01 2.186684292026426155e-02 3.389542804902258982e-02 3.678615540020342689e-02
9.040659989649530992e-01 2.435888415079130731e-02 2.932299236668498704e-02 4.225214805793806039e-02
9.126434247720386361e-01 2.076601770070272274e-02 3.137266995701390448e-02 3.521789924039054470e-02
